-1.762553111893557343e+03
-1.046377674694752614e+03
-1.448128757123730566e+03
-1.339832697956562015e+03
-1.299534454460748975e+03
-1.532769776539339318e+03
-1.104414447977394957e+03
-1.642651785340368860e+03
-1.063545620209712297e+03
-1.801912902180356241e+03
-1.332035219555242065e+03
-1.333135071615923152e+03
-1.427648183186218375e+03
-1.347281508412050016e+03
-1.203012650743464292e+03
-1.336022905405981874e+03
-1.445200507735633664e+03
-1.185402398284646097e+03
-1.371248426864463909e+03
-1.659801670819688070e+03
-1.190395630634608551e+03
-1.634357288121516603e+03
-1.067247798998893586e+03
-1.293075568018316517e+03
-1.437548230248022037e+03
-1.478758514692958443e+03
-1.499540690341368645e+03
-1.386998496691142009e+03
-1.450821122926143289e+03
-1.257912078826092738e+03
-1.541535280313564954e+03
-1.236907372771101109e+03
-1.532177232055817740e+03
-1.475664545327138740e+03
-1.237867567566319849e+03
-1.315955558508293279e+03
-1.311000087613928144e+03
-1.254523158177748883e+03
-1.486047693497967430e+03
-1.357344043796578262e+03
-1.531433740380576637e+03
-1.305833620119670513e+03
-1.195185389991965394e+03
-1.332956491965741861e+03
-1.493838801005077585e+03
-1.706590275989695101e+03
-1.073799269235741349e+03
-1.427034211088543771e+03
-1.580736150274931333e+03
-1.445795914594116539e+03
-1.352970643824430226e+03
-1.261808566530773533e+03
-1.500330503571778308e+03
-1.501979123127071716e+03
-1.303591480457559555e+03
-1.495712394112807260e+03
-1.451290793791578608e+03
-1.276033859186331256e+03
-1.488936870946994077e+03
-1.374944894805802505e+03
-1.234334709281860341e+03
-1.224267167343992014e+03
-1.324281191216341540e+03
-1.296528339157880509e+03
-1.365399172223727874e+03
-1.446354342366512128e+03
-1.204385652305767280e+03
-1.308231319413626125e+03
-1.259610330056736302e+03
-1.295856776302844992e+03
-1.464924476752119972e+03
-1.464276142309511897e+03
-1.431455703286906328e+03
-1.389599464170908959e+03
-1.242225320983717211e+03
-1.302655153177303191e+03
-1.218679842518627993e+03
-1.402171004952765088e+03
-1.123104912877150582e+03
-1.171537458378822521e+03
-1.321264523090030707e+03
-9.985636763002951284e+02
-1.036333407957180270e+03
-1.200501221124781750e+03
-1.209172611422840873e+03
-1.228925445177814481e+03
-1.057903597475964034e+03
-1.338714996236850084e+03
-1.292301855866852520e+03
-1.299993587270766739e+03
-1.173754085345962267e+03
-1.442097975747542478e+03
-1.192331175579647152e+03
-1.171788781773527489e+03
-1.317646057510468381e+03
-1.362052529207961697e+03
-1.371453511921742347e+03
-1.267678140484076039e+03
-1.235130828028651422e+03
-1.268235486782328735e+03
-1.042741821634943790e+03
-1.358179370316569248e+03
-1.134009388853444989e+03
-1.343014307658615280e+03
-1.313686438355610562e+03
-1.121224611757949106e+03
-1.360511915736559104e+03
-1.156627552082107286e+03
-1.371574525999308889e+03
-1.341016055904687619e+03
-1.430106539412860911e+03
-1.348016223653245788e+03
-1.307413937562020237e+03
-1.305844156579924629e+03
-1.430692021336245261e+03
-1.321275250421949977e+03
-1.282709435262373518e+03
-1.278984506751965228e+03
-1.313508855747752250e+03
-1.343505411162568635e+03
-1.328164585368254620e+03
-1.366501192558214143e+03
-1.227483142763508113e+03
-1.354604541954677643e+03
-1.312018902176791926e+03
-1.338797127688560749e+03
-1.346608898114911199e+03
-1.357732016741167854e+03
-1.397939979285031313e+03
-1.324086882696813745e+03
-1.405776899896113491e+03
-1.282712626868533789e+03
-1.366712056259694009e+03
-1.342171747140191201e+03
-1.303186042558593726e+03
-1.429367005097331457e+03
-1.338054758951996291e+03
-1.369483179699806215e+03
-1.427273789284967279e+03
-1.445037255804505321e+03
-1.320408457991588875e+03
-1.384078903502277171e+03
-1.379945958264183446e+03
-1.433588674511196132e+03
-1.222183133182949859e+03
-1.324985767065888922e+03
-1.391687666492492781e+03
-1.402929847268204867e+03
-1.333011752874089098e+03
-1.285827149974041731e+03
-1.432291888330111306e+03
-1.310485973979441496e+03
-1.335101717836834041e+03
-1.337115769561997695e+03
-1.280049282136062629e+03
-1.328608488377480398e+03
-1.379782814637514321e+03
-1.333685651992223256e+03
-1.152161422817956918e+03
-1.344451118351040122e+03
-1.354276147158515869e+03
-1.333253287273657634e+03
-1.364131906509780038e+03
-1.377440939734328595e+03
-1.340915727198327204e+03
-1.399243623802734419e+03
-1.336097952752381161e+03
-1.359615409132744162e+03
-1.295160422264814088e+03
-1.297961566658435004e+03
-1.342709505615668604e+03
-1.396817722589458299e+03
-1.321812012911800821e+03
-1.432702029208917111e+03
-1.322185012578855549e+03
-1.354753508128966359e+03
-1.334911576895353846e+03
-1.331094002352429698e+03
-1.443759660396202207e+03
-1.208247292146352720e+03
-1.313535563822909808e+03
-1.367366267490079963e+03
-1.373067044183906091e+03
-1.391891656334988056e+03
-1.198507680262233634e+03
-1.292329141557467665e+03
-1.359761472489073867e+03
-1.435387620499601780e+03
-1.327594945926896571e+03
-1.432269091867361112e+03
-1.284361228930075413e+03
-1.385361800058027939e+03
-1.359662725845877503e+03
-1.315715584104787467e+03
-1.308881535315735391e+03
-1.325254037043215703e+03
-1.359244639026861933e+03
-1.336429807791829035e+03
-1.323530339650613314e+03
-1.356961129852336398e+03
-1.271851421641237494e+03
-1.214760919503020205e+03
-1.330619309347060380e+03
-1.313377162848806620e+03
-1.277419180759784922e+03
-1.351319401200414177e+03
-1.335306541271511833e+03
-1.305301626914939106e+03
-1.212572838161918980e+03
-1.217716049405089962e+03
-1.334272217191748268e+03
-1.306398737068448327e+03
-1.332580671898767605e+03
-1.327858537007634595e+03
-1.193023729125983436e+03
-1.320323288679898724e+03
-1.275999586038021789e+03
-1.343642214809582356e+03
-1.294106087690984623e+03
-1.187748422539177909e+03
-1.321540548310063286e+03
-1.175542967253510142e+03
-1.196322791048372665e+03
-1.189428507492606059e+03
-1.256840980826719715e+03
-1.333523057278971010e+03
-1.203664556453863270e+03
-1.153333777093896288e+03
-1.188812086271386988e+03
-1.251975303884055165e+03
-1.193673978872113594e+03
-1.178437124985451874e+03
-1.282646518691274196e+03
-9.994257169262674552e+02
-1.043156515982484507e+03
-1.323382903940260803e+03
-1.297362658494095967e+03
-1.303572082813923544e+03
-1.336398336786163554e+03
-1.186288340703276390e+03
-1.309837531664081098e+03
-1.303790838616047040e+03
-1.372776708295404433e+03
-1.192687323779297230e+03
-1.345640860424304719e+03
-1.121816786883212444e+03
-1.317063966766689418e+03
-1.129261021222587260e+03
-1.288050042381435333e+03
-1.307515210070737112e+03
-1.272333477033625741e+03
-1.312701359794402606e+03
-1.308624569023102822e+03
-1.315505287226108749e+03
-8.839766032702655139e+02
-1.336155101201914931e+03
-1.299962956139705511e+03
-1.294074312474947419e+03
-1.359207661258999451e+03
-1.277293681457695129e+03
-1.342309853590183366e+03
-1.176679230707185297e+03
-1.344052077865638012e+03
-1.263857224700790766e+03
-1.308852882537310734e+03
-1.192086749756989320e+03
-1.185040916428059290e+03
-1.285983829095784813e+03
-1.312382215675320367e+03
-1.311664131160811621e+03
-1.153193506836140159e+03
-1.333670457846508725e+03
-1.204111107437520104e+03
-1.142568749649152778e+03
-1.145397851686524518e+03
-1.085373327684639889e+03
-1.148141436211184782e+03
-1.182100588315091954e+03
-1.163181507303566377e+03
-1.214162168827475398e+03
-1.106885451619752075e+03
-1.190060558786007732e+03
-1.027941369208811238e+03
-1.046349922665056511e+03
-1.179881889796849691e+03
-1.062143793649187273e+03
-1.136519629232383977e+03
-1.147375078260310374e+03
-1.278729573198111666e+03
-1.264038340161797123e+03
-1.127718382545273471e+03
-8.995138545376994443e+02
-1.268027684881766845e+03
-1.227409416773241901e+03
-1.183542151411127861e+03
-1.158736483897918788e+03
-1.163411752765296342e+03
-1.130286972909764245e+03
-1.067273345081821390e+03
-1.227148789699984263e+03
-1.040359161634725069e+03
-1.026823768571974369e+03
-1.027682680370809976e+03
-1.031242192295004543e+03
-1.055163082794148522e+03
-1.204532296487565873e+03
-1.103579926884875249e+03
-1.089466843447069550e+03
-1.200516235904558471e+03
-1.049808249129425121e+03
-1.217506753602406889e+03
-1.078592998944571264e+03
-1.160985933071644467e+03
-1.150271692027863082e+03
-1.187093875164386191e+03
-1.193232048754398420e+03
-1.160319537485898081e+03
-1.188267339223463750e+03
-1.173966915990863527e+03
-1.255421124059193517e+03
-1.206436712539559721e+03
-1.207477724002057585e+03
-1.219698639263053792e+03
-1.181899585418802189e+03
-1.108815412551670534e+03
-1.233195927870420064e+03
-1.188424949733726862e+03
-1.172743547300558475e+03
-1.195330495856245534e+03
-1.181167591050225610e+03
-1.212429420583388037e+03
-1.236907445965861143e+03
-1.096612991684302870e+03
-1.244548473094138217e+03
-1.231587455234050367e+03
-1.143481634376820011e+03
-1.135059407316694887e+03
-1.163648928044970262e+03
-1.178314083850453244e+03
-1.159165429931098515e+03
-1.219043266352741512e+03
-9.223427724656048667e+02
-1.119358506826124994e+03
-1.072592368789721604e+03
-1.003317825276524218e+03
-1.056725373970184364e+03
-1.078698520283990547e+03
-1.127688745609797252e+03
-1.075049756951498694e+03
-1.122645343084124534e+03
-1.256863723605888026e+03
-1.118007811777586767e+03
-1.045942855694215496e+03
-1.172174332318063307e+03
-1.071845420446169783e+03
-1.212817039454319229e+03
-1.070669362087478021e+03
-1.143224883864782669e+03
-1.085147193023568889e+03
-9.354168345588133207e+02
-1.133285945781893361e+03
-8.616483790349353740e+02
-9.486670683206260719e+02
-9.293415238555280666e+02
-1.007917690578247971e+03
-9.305111243250668167e+02
-1.017476821306252532e+03
-8.915520635397283513e+02
-9.366831533340161968e+02
-9.047903597560401749e+02
-8.956082784242098569e+02
-6.838915118405415114e+02
-1.058574891829171747e+03
-8.581796925125322559e+02
-1.135480056171792739e+03
-1.038915471666889744e+03
-9.164583328513072047e+02
-1.062333993393425772e+03
-7.533082729486432072e+02
-9.947880502217460617e+02
-1.080055298576365431e+03
-8.619574979369306220e+02
-8.949265124666216025e+02
-1.118587044664665655e+03
-8.331256000024691275e+02
-1.116303343553399372e+03
-1.054254931977474371e+03
-1.130693614492695133e+03
-1.181917454790573174e+03
-1.202775557465497968e+03
-1.216672524294098594e+03
-1.172359736460155546e+03
-1.199101342874782631e+03
-1.168453805585530517e+03
-1.227587705346575149e+03
-1.277203133147239441e+03
-1.256688041592657555e+03
-1.187694711186674340e+03
-1.306748485975573885e+03
-1.348758029123326878e+03
-1.285859158316312687e+03
-1.261714187537536418e+03
-1.257197431183757772e+03
-1.144062182324696778e+03
-1.233479125430235854e+03
-1.196594162638042235e+03
-1.311163715245410003e+03
-1.062445109331190679e+03
-1.298354859878812931e+03
-1.312499952990396196e+03
-1.310655922218964179e+03
-1.207153731899885315e+03
-1.304065132780781596e+03
-1.183847042141479278e+03
-1.181464456185952940e+03
-1.198994036170628306e+03
-1.230749190732477928e+03
-1.337370498081545520e+03
-1.194647582806482887e+03
-1.324614505010856192e+03
-1.329028683077945061e+03
-1.339403568302439908e+03
-1.331931174041868189e+03
-1.316052306518092792e+03
-1.308097226153289284e+03
-1.276820309800565610e+03
-1.344303633648778032e+03
-1.305187468497513009e+03
-1.295316998411628447e+03
-1.272130974861777986e+03
-1.275646857157693375e+03
-1.181832765612100729e+03
-1.292879917025740042e+03
-1.165610190456714236e+03
-1.179910960362165497e+03
-1.138488699559798533e+03
-1.165570978329978971e+03
-1.198450129569697765e+03
-1.255168537683634668e+03
-1.227654154720983797e+03
-1.162775709832197663e+03
-1.203101929800427115e+03
-1.312275114158397400e+03
-1.191362456149382751e+03
-1.262745181203624043e+03
-1.201324613502884631e+03
-1.342576244672767643e+03
-1.280021453284996596e+03
-1.287890126818894714e+03
-1.329904892249884597e+03
-1.061733826203516401e+03
-1.289055182904449794e+03
-1.186273247466673411e+03
-1.258194664107480548e+03
-1.166540054498428844e+03
-1.166413996706090302e+03
-1.163457908072208056e+03
-1.225142929396171439e+03
-1.253075323193275835e+03
-1.177541239983592959e+03
-1.220137080521066991e+03
-1.199332238802883239e+03
-1.169952540151547282e+03
-1.168705998397886106e+03
-1.192615559962643147e+03
-1.170538959044876947e+03
-1.194923699636631227e+03
-1.162912464410565235e+03
-1.275008433167701696e+03
-1.156509488360202795e+03
-1.140633298716541958e+03
-1.294355294411846444e+03
-1.188995666421301848e+03
-1.035067234437824709e+03
-1.199577640023912636e+03
-1.244046752658640798e+03
-1.203062365631206831e+03
-1.281269580388737950e+03
-1.274533721597970271e+03
-1.280646002186132591e+03
-1.260045332352975947e+03
-1.217282022985404637e+03
-1.308094794617083608e+03
-1.197201777806637665e+03
-1.156509252048731923e+03
-1.105080072873057816e+03
-1.039009030802640609e+03
-1.202547421744863868e+03
-1.106798443122196431e+03
-1.199961429087341457e+03
-1.272539002224341857e+03
-1.196086341127590231e+03
-1.180128578599948014e+03
-1.183643128060867866e+03
-1.051173902008564937e+03
-1.022938672555988319e+03
-1.028234669457122209e+03
-1.187207846010939647e+03
-1.028933690022594874e+03
-1.056292151284742204e+03
-1.073068824972317998e+03
-1.101640913850928655e+03
-1.170080831339216957e+03
-1.037597363268753497e+03
-1.002149137389304997e+03
-1.048693425389963750e+03
-1.143848841763548307e+03
-1.144647941007198142e+03
-1.159508683789976658e+03
-1.132349823763893710e+03
-1.053820461315925513e+03
-1.017016517348897537e+03
-9.023673944017413078e+02
-1.085790291816224453e+03
-1.025212904017928849e+03
-7.582358074690311014e+02
-9.590494889586282170e+02
-9.094114457654629859e+02
-9.300887036649916126e+02
-6.380489137163900750e+02
-9.674922116902075686e+02
-9.015917979975286016e+02
-9.903533979387755153e+02
-1.048273987684793610e+03
-1.052593601974863532e+03
-1.049965658083197013e+03
-1.068789135918864531e+03
-1.141863098820213054e+03
-1.195787626027413353e+03
-1.165719024557061630e+03
-1.199392258582733575e+03
-1.185489667813491451e+03
-1.220010163461775164e+03
-1.187782497938332426e+03
-1.263341377243952365e+03
-1.286873761810829365e+03
-1.176448330802533292e+03
-1.180325967625244402e+03
-1.298587930822304315e+03
-1.088120763596964480e+03
-1.313814431009952386e+03
-1.108970920264998085e+03
-1.210584870190154334e+03
-1.219115265405413766e+03
-1.174846770209572696e+03
-1.210652884146093356e+03
-1.125890302825054050e+03
-1.207937758835685599e+03
-1.171160493854282322e+03
-1.055308750855142080e+03
-1.074736273570384583e+03
-1.146448148960986146e+03
-1.072344045177617318e+03
-1.166589570095321278e+03
-1.046279974042530284e+03
-1.018540517999072335e+03
-1.028483825254341355e+03
-1.087065700270614570e+03
-1.039559766583181499e+03
-1.068109730788655725e+03
-1.116458796780938883e+03
-1.089806853265373093e+03
-1.192712637950773342e+03
-1.106211094320928851e+03
-1.035485950640839292e+03
-1.030200405719089758e+03
-1.056885131087044329e+03
-9.066999377843023922e+02
-1.039637462166112073e+03
-1.043367363074722107e+03
-8.881444754036207314e+02
-8.922722171461339258e+02
-8.869162001534302817e+02
-7.517692614961844129e+02
-7.979932141719217498e+02
-9.005075418264649443e+02
-7.754900105088360078e+02
-8.572411235958215912e+02
-6.145499181504370654e+02
-8.679592039751115635e+02
-8.599797295461060003e+02
-8.808754464484260325e+02
-7.614096506219188996e+02
-8.628210728747681060e+02
-7.797597296059363998e+02
-9.381879302041683104e+02
-7.846403312273691881e+02
-8.722762613593391734e+02
-9.057976063649799698e+02
-8.776419273345105694e+02
-1.042797774810902183e+03
-9.291130120671192572e+02
-1.046369829721763153e+03
-9.179936575042321465e+02
-1.146580685098225104e+03
-9.539210572169362194e+02
-1.112435084331545795e+03
-1.059030878814778362e+03
-6.941220754428831015e+02
-8.727525631047279830e+02
-7.500350139160864273e+02
-9.317992531583252003e+02
-1.037238036682430675e+03
-9.338888456597060213e+02
-9.042411350900866864e+02
-1.032600192366114698e+03
-1.007324602431267635e+03
-1.043198541402240835e+03
-1.036710585057901426e+03
-8.746782344123241728e+02
-9.100465234352981270e+02
-9.816950037447227260e+02
-9.088750201498899060e+02
-9.133181039786701376e+02
-1.035811568857336624e+03
-9.288281301381774711e+02
-1.219876295975217317e+03
-1.175430397766774831e+03
-1.022198481400149603e+03
-9.151087305955343254e+02
-6.462392896046187616e+02
-7.580014903998622913e+02
-8.655518569141711396e+02
-8.828888476132228789e+02
-1.001866148089466492e+03
-1.072700122388162526e+03
-9.920864825254850530e+02
-8.720599371163123124e+02
-7.831023647560326708e+02
-9.805503732155790431e+02
-7.754499559114254907e+02
-8.130457706265810884e+02
-1.097946186083120665e+03
-6.430368038034984011e+02
-9.202658397466262841e+02
-8.507011307823689776e+02
-9.365674641867371975e+02
-8.777401416757774086e+02
-1.187296536872044271e+03
-1.182707716042955553e+03
-7.911753979690164442e+02
-1.076461063385917669e+03
-8.955737863160505867e+02
-7.253198456360011050e+02
-8.899401370700375082e+02
-1.018230519617836876e+03
-3.895851994300102206e+02
-3.881236057114207938e+02
-6.320344067397137451e+02
-7.542225980777525365e+02
-9.034883827505334466e+02
-7.438412750679085548e+02
-9.972845577075331676e+02
-1.060651951787659073e+03
-1.186738739343953966e+03
-1.077278527773390806e+03
-1.153593711786311133e+03
-9.226289641896001967e+02
-1.178698126393057919e+03
-1.202609709898209530e+03
-1.205603269259914896e+03
-1.144212976301696472e+03
-9.810666822093309065e+02
-1.016204315687403323e+03
-6.379389268189263476e+02
-8.679709029043649480e+02
-6.373532060210268355e+02
-7.502921354167727941e+02
-9.077136112199183344e+02
-8.874470801094889794e+02
-5.159984823557307436e+02
-7.650133003148832813e+02
-8.053997399810342586e+02
-8.755158768268962604e+02
-1.026475266797622453e+03
-1.018114383270540316e+03
-9.345661280825949007e+02
-9.154870805785037646e+02
-6.367447763105394642e+02
-7.577100797990190131e+02
-7.841817417120250866e+02
-6.391077074497509329e+02
-5.203872241214118048e+02
-6.431523293783417330e+02
-9.287441442649521832e+02
-9.360010684755925467e+02
-7.591837671827593113e+02
-8.966697561041046356e+02
-1.090036236288555074e+03
-8.926967116292006494e+02
-1.045457372465700473e+03
-1.181373872308244700e+03
-1.025676051988927838e+03
-1.038972709748107491e+03
-8.496094538767348467e+02
-1.040483776312339842e+03
-8.841328400171373687e+02
-6.364601988159859047e+02
-9.930496676885726401e+02
-9.819952641682210697e+02
-7.449682369395944761e+02
-7.351706248259993117e+02
-1.060122125527319213e+03
-6.791501830873961580e+02
-1.062454406900028744e+03
-7.823789337459788840e+02
-1.061741605729683442e+03
-1.040156886801270048e+03
-1.071408794729258489e+03
-4.977866531816565612e+02
-1.084656621928460481e+03
-1.127793695474164451e+03
-1.091139339884566652e+03
-9.086561732595437206e+02
-8.959786187588292705e+02
-6.964712454839651627e+02
-8.100724845831651919e+02
-9.045158259236737877e+02
-7.465179826492210395e+02
-8.843064909709657968e+02
-6.384238851882453218e+02
-2.697029818840513258e+02
-6.494019921037913718e+02
-8.770470565206024958e+02
-6.204624837254405065e+02
-1.031357037921608025e+03
-5.933162281884189042e+02
-8.992580670576785451e+02
-7.577551404633526317e+02
-8.133058210536626120e+02
-9.089447204026924965e+02
-1.072032943470934242e+03
-1.046328206089442119e+03
-9.151936132736592526e+02
-1.052498780765916763e+03
-7.756058912909893479e+02
-1.057729849800142574e+03
-1.044995738547829433e+03
-8.858088295353027206e+02
-7.603207172600481272e+02
-5.219250532463194077e+02
-7.944305360688834980e+02
-3.863986327234167106e+02
-9.541266255045201206e+02
-7.774276015153859589e+02
-6.456792783237564208e+02
-8.812615026366871689e+02
-9.283247721353818633e+02
-9.926899182660761198e+02
-9.047250706258994342e+02
-6.610572319671957757e+02
-5.214592061871602482e+02
-9.148075735205546835e+02
-6.388487086663651553e+02
-9.193842556762216418e+02
-1.141022587513090684e+03
-6.196902186264155716e+02
-9.082114651705132928e+02
-9.118585320525714906e+02
-8.658400826099674532e+02
-6.251218884109891860e+02
-8.938940301217747901e+02
-7.922274176531902867e+02
-7.538996641535106846e+02
-7.655118853870118301e+02
-8.919859691895865126e+02
-7.660617236607541827e+02
-9.166320103436173667e+02
-9.233962570132478049e+02
-1.059680628400183878e+03
-1.043582787466963282e+03
-8.903596547638744596e+02
-8.162606193616037444e+02
-9.089825819444196213e+02
-7.476170112077988961e+02
-7.970302934573156790e+02
-9.419952515851275621e+02
-7.605704977338293702e+02
-7.542563191110543812e+02
-6.499205549094780281e+02
-8.910619615180219171e+02
-6.502985960537708934e+02
-7.567671697355011702e+02
-5.116639125926113820e+02
-6.320485101747095769e+02
-6.282561282450426461e+02
-6.370741940111497570e+02
-8.865096339753284838e+02
-6.262692871655240197e+02
-6.030985417881358899e+02
-8.066693503358081898e+02
-6.441949022883771931e+02
-4.934597764357893652e+02
-9.225968957424898917e+02
-8.167306534598478720e+02
-7.157090426508569863e+02
-1.056353201724342625e+03
-1.037856489054072199e+03
-9.111464623956445621e+02
-1.059449155534624879e+03
-1.040104018795354023e+03
-1.028079630212578195e+03
-1.122676590099684972e+03
-9.228850958725741975e+02
-1.028207928113546131e+03
-1.048773222710614164e+03
-1.122011269853901695e+03
-1.085803593528345573e+03
-1.153638871831162533e+03
-1.020025590809449682e+03
-8.673429770012515974e+02
-1.153740535508195990e+03
-7.834749087766338107e+02
-1.057918345184404643e+03
-7.375319626637301553e+02
-9.343001664048334760e+02
-6.355437121021520852e+02
-5.038466432357805047e+02
-6.365125878718415606e+02
-6.389331979522884239e+02
-2.613301566398865816e+02
-7.583766214424202872e+02
-6.113104602690009415e+02
-6.374574308012057600e+02
-6.307551379825484901e+02
-6.382317822604164803e+02
-8.621301287605606376e+02
-6.380135898686980909e+02
-5.130627005360987596e+02
-6.818532997208676534e+02
-7.839053902763284896e+02
-6.462926768512242006e+02
-7.639045948428046131e+02
-6.422927346934392290e+02
-6.479773081498998408e+02
-7.786411226570836561e+02
-5.141074660388651409e+02
-7.370286168684386894e+02
-1.017367204477611494e+03
-5.323079596322922953e+02
-5.135714345545954984e+02
-6.396465897602400901e+02
-5.097583726149514973e+02
-7.549241078235795612e+02
-3.979147314139847254e+02
-7.763431175791226906e+02
-6.350203975616921070e+02
-6.235787851877196317e+02
-6.540230143553545759e+02
-6.088631978451008990e+02
-7.502279656220676998e+02
-7.513768285701165723e+02
-7.723144789667662735e+02
-3.850645619125185704e+02
-3.963691775801599420e+02
-5.130950234169060877e+02
-5.137667578566180282e+02
-6.208350254248828151e+02
-6.319216751924832352e+02
-7.608559447922187928e+02
-5.146041342969532479e+02
-9.032929938163708812e+02
-6.265885725372115758e+02
-5.038261178967014189e+02
-6.477783015057292459e+02
-6.262357582256382784e+02
-4.286051945746623346e+02
-9.023871946219262554e+02
-5.159920782450864181e+02
-9.110115239722284741e+02
-7.994932837783812829e+02
-9.177993506125314980e+02
-9.120846162073678443e+02
-7.667790165936428366e+02
-5.270996252446567496e+02
-8.911447097269574442e+02
-7.006528128975879781e+02
-6.378521067223264254e+02
-3.917192875692626330e+02
-5.134674220704001755e+02
-6.369088805340021509e+02
-7.889652404044373952e+02
-8.193092003047279377e+02
-6.133329913249643823e+02
-6.186525826091556155e+02
-6.402175877206570931e+02
-6.390861374719353307e+02
-6.353174753827754557e+02
-8.248885139752525220e+02
-8.185515528679356976e+02
-7.748200027089775404e+02
-1.023567094226482823e+03
-9.478825644230945500e+02
-5.073894741052131394e+02
-2.557601654221540457e+02
-8.949755906850584779e+02
-6.439405931242433780e+02
-6.958820127762068068e+02
-4.040964517605161177e+02
-7.581657800703615067e+02
-9.658544814605209012e+02
-1.110525439856975481e+03
-1.166735258876525904e+03
-1.058357626455968784e+03
-9.732060968044768288e+02
-9.866945157995668296e+02
-1.065384780646474610e+03
-8.656012788517983836e+02
-7.754790743273939597e+02
-2.543378195796173031e+02
-8.041533981017514634e+02
-9.296424738155564000e+02
-8.397060189125070337e+02
-2.280631227624233475e+02
-5.209841788576860608e+02
-5.220156153235144529e+02
-1.321397980098274445e+02
-5.044729528637765839e+02
-4.040894541121101611e+02
-3.902617318685988721e+02
-3.851203801133469824e+02
-6.499983700248412788e+02
-3.886357482351274371e+02
-6.346723664450754541e+02
-5.151761727526400136e+02
-5.047030006172164462e+02
-5.118993114622932694e+02
-7.206763533979194563e+02
-6.123352549186274700e+02
-5.187275312820704585e+02
-3.976415801174138096e+02
-2.641638778084638943e+02
-6.480177732662996277e+02
-8.724146625763054317e+02
-2.083913478141184328e+02
-7.640565716275956447e+02
-7.782576893205617807e+02
-5.046915315883189237e+02
-6.705542639790641033e+02
-7.669317394823932545e+02
-7.562749742899518424e+02
-9.263805582725447039e+02
-7.956804172600030824e+02
-9.039853782340007911e+02
-1.098818647500989414e+02
-5.851016888362213422e+02
-3.900904724793876426e+02
-4.760459134949589952e+02
-6.499407093721141564e+02
-6.748036534850227781e+02
-9.077849347386371619e+02
-6.885919866800087448e+02
-8.609440097213727086e+02
-5.764931231728702414e+02
-5.078767087136263854e+02
-3.930587246304769451e+02
-2.608381430362434230e+02
-7.537247779423685188e+02
-1.057656934370186036e+03
-5.159033587107622907e+02
-7.890851560830976723e+02
-6.528114916700820913e+02
-3.935468875353825524e+02
-5.048744342273662937e+02
-3.375474437139147881e+02
-2.573985680008789245e+02
-2.523866764450907567e+02
-6.530256360532246163e+02
-5.227732575897204015e+02
-6.446794193748553425e+02
-2.627742700414410137e+02
-5.049388892695394588e+02
-3.676442878343059419e+02
-2.643240464586446024e+02
-2.687039146318846292e+02
-1.299248297963858931e+02
-2.518696445036041780e+02
-2.609753904906765456e+02
-6.135664824763840670e+02
-5.041272141105977767e+02
-6.422030875357274908e+02
-5.172080772260466119e+02
-1.271660343755937959e+02
-3.613051001945331677e+02
-9.655655181934155280e+02
-1.344907984127762006e+02
-2.582671335964875539e+02
-9.251086749741859876e+02
-7.699726729638115330e+02
-2.551051692846821197e+02
-5.179527902930336722e+02
-1.301688949289772097e+02
-5.189292544923698642e+02
-1.306960116002930761e+02
-1.011635618201523146e+00
-2.595496414226117281e+02
-2.572068769022205856e+02
-4.960635238320763847e+02
-3.792678612867249512e+02
-5.810314415963365491e+02
